datetime       2026-08-11T06:25:08.204Z
longitude      176.814697266
latitude       -37.909484863
depth          1.0000,1.5000,2.0000,2.5000,3.0000,3.5000,4.0000,4.5000,5.0000,6.0000,7.0000,8.0000,9.0000,10.0000,12.0000,14.0000,16.0000,18.0000,20.0000,22.0000,24.0000,26.0000,28.0000,30.0000,34.0000,38.0000,42.0000,46.0000,50.0000,54.0000,58.0000
path_to_data   .
path_to_green  greens
green          herrmann
components     ZRT
degree         5
weight         distance
plot           0
correlate      1
   station  distance  azimuth  ts  npts  dt  used  longitude   latitude
NZ.OPRZ.10        25   287.49  30   150 1.0     1 176.554929 -37.844300
NZ.OMRZ.10        45   240.56  30   150 1.0     1 176.371696 -38.106215
 NZ.URZ.10        45   146.30  30   150 1.0     1 177.110894 -38.259249
NZ.KARZ.11        50   256.05  30   150 1.0     1 176.244275 -38.020223
NZ.TGRZ.11        55   292.18  30   150 1.0     1 176.260836 -37.728807
 NZ.UTU.13        60   241.26  30   150 1.0     1 176.193800 -38.176590
NZ.HNCZ.10        70   220.97  30   150 1.0     1 176.287991 -38.385812
 NZ.MWZ.10        80   127.22  30   150 1.0     1 177.527779 -38.334001
 NZ.RTZ.10        80   169.56  30   150 1.0     1 176.980518 -38.615440
NZ.TKGZ.10       110   123.31  30   150 1.0     1 177.848500 -38.439200
NZ.WHTZ.13       115   221.50  30   150 1.0     1 175.957469 -38.665954