datetime       2026-09-02T06:13:32.546Z
longitude      168.3230896
latitude       -44.441776276
depth          1.0000,1.5000,2.0000,2.5000,3.0000,3.5000,4.0000,4.5000,5.0000,6.0000,7.0000,8.0000,9.0000,10.0000,12.0000,14.0000,16.0000,18.0000,20.0000,22.0000,24.0000,26.0000,28.0000,30.0000,34.0000,38.0000,42.0000,46.0000,50.0000,54.0000,58.0000
path_to_data   .
path_to_green  greens
green          herrmann
components     ZRT
degree         5
weight         distance
plot           0
correlate      1
   station  distance  azimuth  ts  npts  dt  used  longitude   latitude
 NZ.MSZ.10        40   230.63  30   150 1.0     1 167.926399 -44.673334
 NZ.JCZ.10        55    42.20  30   150 1.0     1 168.785473 -44.073210
 NZ.WKZ.10        70   128.09  30   150 1.0     1 169.017562 -44.827021
 NZ.MLZ.10       105   188.87  30   150 1.0     1 168.118407 -45.366544
 NZ.EAZ.10       115   138.74  30   150 1.0     1 169.308253 -45.231053
 NZ.DCZ.10       145   218.66  30   150 1.0     1 167.153533 -45.464713
 NZ.LBZ.10       150    88.24  30   150 1.0     1 170.184420 -44.385553
NZ.HORZ.10       160    63.26  30   150 1.0     1 170.105500 -43.777300
 NZ.WHZ.10       165   190.26  30   150 1.0     1 167.947031 -45.892428