datetime       2026-09-02T07:39:03.476Z
longitude      168.313690186
latitude       -44.442260742
depth          1.0000,1.5000,2.0000,2.5000,3.0000,3.5000,4.0000,4.5000,5.0000,6.0000,7.0000,8.0000,9.0000,10.0000,12.0000,14.0000,16.0000,18.0000,20.0000,22.0000,24.0000,26.0000,28.0000,30.0000,34.0000,38.0000,42.0000,46.0000,50.0000,54.0000,58.0000
path_to_data   .
path_to_green  greens
green          herrmann
components     ZRT
degree         5
weight         distance
plot           0
correlate      1
  station  distance  azimuth  ts  npts  dt  used  longitude   latitude
NZ.MSZ.10        40   230.02  30   150 1.0     1 167.926399 -44.673334
NZ.JCZ.10        55    42.74  30   150 1.0     1 168.785473 -44.073210
NZ.WKZ.10        70   127.68  30   150 1.0     1 169.017562 -44.827021
NZ.MLZ.10       105   188.47  30   150 1.0     1 168.118407 -45.366544
NZ.LBZ.10       150    88.23  30   150 1.0     1 170.184420 -44.385553
NZ.WHZ.10       165   190.01  30   150 1.0     1 167.947031 -45.892428
NZ.CVZ.10       215    89.19  30   150 1.0     1 171.006160 -44.383180
NZ.RPZ.10       235    70.73  30   150 1.0     1 171.053865 -43.714608