datetime       2026-09-02T06:57:11.231Z
longitude      168.303878784
latitude       -44.44896698
depth          2.0000,4.0000,6.0000,8.0000,10.0000,12.0000,14.0000,16.0000,18.0000,20.0000,22.0000,24.0000,26.0000,28.0000,30.0000,34.0000,38.0000,42.0000,46.0000,50.0000,54.0000,58.0000
path_to_data   .
path_to_green  greens
green          herrmann
components     ZRT
degree         5
weight         distance
plot           0
correlate      1
   station  distance  azimuth  ts  npts  dt  used  longitude   latitude
NZ.RDHZ.10        25    10.73  30   150 1.0     1 168.356965 -44.247640
 NZ.JCZ.10        55    42.82  30   150 1.0     1 168.785473 -44.073210
 NZ.WKZ.10        70   126.82  30   150 1.0     1 169.017562 -44.827021
NZ.HSPZ.10        90    61.30  30   150 1.0     1 169.303678 -44.049854
 NZ.MLZ.10       105   188.11  30   150 1.0     1 168.118407 -45.366544
 NZ.EAZ.10       120   137.94  30   150 1.0     1 169.308253 -45.231053
NZ.SLTZ.10       120    60.29  30   150 1.0     1 169.593140 -43.909740
 NZ.DCZ.10       145   218.40  30   150 1.0     1 167.153533 -45.464713
 NZ.LBZ.10       150    87.96  30   150 1.0     1 170.184420 -44.385553
 NZ.FOZ.11       160    50.49  30   150 1.0     1 169.815480 -43.532099
NZ.HORZ.10       160    63.27  30   150 1.0     1 170.105500 -43.777300
 NZ.WHZ.10       165   189.79  30   150 1.0     1 167.947031 -45.892428