datetime       2026-08-06T21:17:31.778Z
longitude      178.283477783
latitude       -38.06741333
depth          7.0000,8.0000,9.0000,10.0000,12.0000,14.0000,16.0000,18.0000,20.0000,22.0000,24.0000,26.0000,28.0000,30.0000,34.0000,38.0000,42.0000,46.0000
path_to_data   .
path_to_green  greens
green          herrmann
components     ZRT
degree         5
weight         distance
plot           0
correlate      1
   station  distance  azimuth  ts  npts  dt  used  longitude   latitude
 NZ.URZ.10       105   257.93  30   150 1.0     1 177.110894 -38.259249
 NZ.KNZ.10       120   206.46  30   150 1.0     1 177.673669 -39.021755
 NZ.RTZ.10       130   241.49  30   150 1.0     1 176.980518 -38.615440
NZ.KARZ.11       180   271.05  30   150 1.0     1 176.244275 -38.020223
 NZ.BKZ.10       200   231.43  30   150 1.0     1 176.492544 -39.165666
NZ.PKTZ.10       225   252.01  30   150 1.0     1 175.804585 -38.672371
NZ.KPRZ.10       230   248.67  30   150 1.0     1 175.792935 -38.801994
NZ.WATZ.10       235   251.51  30   150 1.0     1 175.733186 -38.707935
NZ.MNMZ.10       240   242.85  30   150 1.0     1 175.835268 -39.021589
NZ.COVZ.11       270   241.37  30   150 1.0     1 175.542402 -39.199914
NZ.WHVZ.10       270   239.26  30   150 1.0     1 175.588600 -39.282500