datetime       2026-08-25T12:26:29.984Z
longitude      167.951263428
latitude       -44.410839081
depth          1.0000,1.5000,2.0000,2.5000,3.0000,3.5000,4.0000,4.5000,5.0000,6.0000,7.0000,8.0000,9.0000,10.0000,12.0000,14.0000,16.0000,18.0000,20.0000,22.0000,24.0000,26.0000,28.0000,30.0000,34.0000,38.0000,42.0000,46.0000,50.0000,54.0000,58.0000
path_to_data   .
path_to_green  greens
green          herrmann
components     ZRT
degree         5
weight         distance
plot           0
correlate      1
   station  distance  azimuth  ts  npts  dt  used  longitude   latitude
NZ.RDHZ.10        35    60.88  30   150 1.0     1 168.356965 -44.247640
 NZ.JCZ.10        75    60.91  30   150 1.0     1 168.785473 -44.073210
 NZ.WKZ.10        95   119.03  30   150 1.0     1 169.017562 -44.827021
NZ.HSPZ.10       115    70.11  30   150 1.0     1 169.303678 -44.049854
 NZ.LBZ.10       180    89.88  30   150 1.0     1 170.184420 -44.385553
 NZ.ODZ.10       225   109.19  30   150 1.0     1 170.644622 -45.043982
 NZ.CVZ.10       245    90.35  30   150 1.0     1 171.006160 -44.383180
NZ.ERWZ.10       255    68.11  30   150 1.0     1 170.861300 -43.522680
 NZ.RPZ.10       260    73.80  30   150 1.0     1 171.053865 -43.714608
 NZ.MQZ.13       385    79.90  30   150 1.0     1 172.653766 -43.706082