datetime       2026-08-10T07:17:28.476Z
longitude      177.629653931
latitude       -37.304393768
depth          1.0000,1.5000,2.0000,2.5000,3.0000,3.5000,4.0000,4.5000,5.0000,6.0000,7.0000,8.0000,9.0000,10.0000,12.0000,14.0000,16.0000,18.0000,20.0000,22.0000,24.0000,26.0000,28.0000,30.0000,34.0000,38.0000,42.0000,46.0000,50.0000,54.0000,58.0000
path_to_data   .
path_to_green  greens
green          herrmann
components     ZRT
degree         5
weight         distance
plot           0
correlate      1
   station  distance  azimuth  ts  npts  dt  used  longitude   latitude
 NZ.HAZ.10        50   164.96  30   150 1.0     1 177.782600 -37.756100
 NZ.MXZ.10        65   115.74  30   150 1.0     1 178.306631 -37.562259
NZ.KPFZ.10       285   289.01  30   150 1.0     1 174.616520 -36.426887
 NZ.VRZ.10       325   230.34  30   150 1.0     1 174.758453 -39.124341
 NZ.WCZ.10       330   296.30  30   150 1.0     1 174.345043 -35.938642